81
23
13
45
70
83
30
59
10
27
76
81
90
45
49
98
26
10
30
6
66
37
41
2
33
11
26
77
83
59
56
47
62
95
31
56
36
97
60
97
79
55
75
92
92
7
9
48
92
6
86
28
10
10
30
23
67
76
91
73
90
45
55
35
54
42
86
79
18
83
15
83
70
84
88
47
66
20
62
72
32
16
89
31
0
83
51
43
20
58
57
48
54
93
92
81
82
60
68
38
3
95
62
9
11
97
10
34
15
34
51
95
70
83
51
21
81
78
70
86
65
4
89
45
0
56
75
91
27
10
26
100
16
9
31
43
26
45
48
73
84
17
19
33
88
66
40
39
35
88
2
92
95
10
39
28
33
56
85
70
70
25
25
36
38
47
86
37
54
89
63
18
21
27
91
77
10
25
92
49
95
25
6
8
23
65
97
47
75
0
60
96
35
51
32
52
52
70
66
8
93
13
82
49
36
32
10
7
45
36
80
35
69
62
94
30
10
51
8
57
89
7
27
14
4
93
18
12
64
0
94
65
5
26
25
37
22
40
65
19
92
49
21
21
36
91
52
59
6
31
93
53
100
75
42
71
13
83
54
33
83
42
23
52
69
52
92
63
88
7
23
43
59
78
14
8
52
67
69
17
12
69
4
93
85
81
28
52
59
77
74
74
42
5
24
20
1
64
24
16
56
68
71
1
29
67
4
29
43
71
52
32
19
86
28
61
23
71
63
91
91
1
71
36
12
95
30
29
93
40
91
62
77
40
92
53
66
28
8
17
39
97
94
37
55
87
72
79
40
81
58
100
71
98
79
26
1
4
47
75
42
53
27
61
52
71
11
95
45
30
73
8
34
85
76
65
69
46
55
1
69
74
66
65
48
94
3
15
2
67
4
11
78
55
32
17
96
24
61
42
44
15
89
62
49
93
18
80
60
60
37
83
14
67
49
39
97
11
36
97
78
29
68
75
78
51
6
24
67
49
44
44
34
26
46
2
35
95
99
0
75
2
16
66
82
76
56
90
66
59
43
21
23
54
91
18
75
76
68
85
61
41
45
42
61
90
11
87
9
87
53
20
50
95
36
71
19
27
35
5
1
23
6
74
87
35
35
23
25
99
66
75
49
69
18
6
44
96
92
56
39
69
76
84
85
54
81
87
56
17
67
33
31
29
34
93
28
49
72
92
14
70
3
73
76
24
26
89
87
3
13
29
46
15
35
77
99
94
64
28
62
95
29
73
70
68
31
80
51
68
5
44
21
77
38
36
26
94
82
81
77
37
43
2
54
41
70
33
14
42
57
23
91
49
10
89
13
35
22
74
65
42
82
8
28
82
99
53
63
28
76
65
44
61
43
97
36
29
47
12
73
17
42
99
51
16
18
17
59
8
45
35
61
35
57
85
73
96
72
25
23
33
36
91
83
20
51
53
82
83
4
33
79
17
83
84
51
21
64
57
3
13
61
34
46
14
49
48
19
14
39
92
3
4
92
99
21
40
84
95
5
90
84
49
56
55
32
90
31
17
87
45
79
4
64
34
73
96
64
79
66
48
58
74
1
39
12
28
50
50
36
76
94
58
16
11
16
9
74
26
63
46
5
75
52
28
88
65
87
70
19
35
42
29
2
36
57
54
20
51
49
77
80
96
14
21
41
60
16
37
20
76
6
40
25
23
52
57
24
89
37
54
92
21
16
56
49
20
97
29
12
87
19
98
62
17
1
76
100
98
25
40
68
67
0
50
87
31
94
26
34
75
66
83
73
74
22
5
80
63
76
81
30
90
52
62
65
62
50
11
18
24
77
2
39
92
89
58
91
31
95
82
48
61
29
47
96
18
4
71
56
16
50
23
58
39
12
85
100
63
66
7
56
30
95
81
41
84
71
45
80
72
81
17
1
21
26
48
14
18
71
0
74
75
20
0
34
98
55
46
38
19
76
27
10
62
17
22
37
44
71
72
64
72
0
85
75
34
56
49
60
89
76
78
91
62
45
4
3
62
85
92
11
89
8
80
20
42
7
47
100
11
91
5
36
70
76
70
49
12
41
39
15
42
15
32
37
42
51
92
70
30
60
40
22
99
48
93
9
28
30
29
94
24
20
37
78
8
16
2
36
27
45
90
16
36
87
57
61
11
100
96
98
20
67
19
97
35
95
84
77
48
39
98
29
87
67
95
95
96
40
18
8
27
26
6
48
18
92
90
79
8
80
91
47
52
6
7
42
52
44
32
4
27
4
22
12
66
75
4
34
38
93
41
13
0
25
10
70
72
